
 ENCUT = 520.000000
 ENAUG = 644.9000000
 SIGMA = 0.100
 POTIM = 0.01000
 EDIFF = 1.00e-06
 EDIFFG = 1.0e-5
 PREC = Accurate
 IALGO = 38 
 ISYM = 2
 ISPIN = 2
 ISMEAR = 0
 NFREE = 2
 NSW = 85
 IBRION = 6

 VOSKOWN = 1
 ROPT = -0.00025 -0.00025
